CAMERA LEFT
------------------------------------------------------
RAZEM

INFO: LeftSolvePNP HomogMatrix:
[0.9953673390927538, 0.07834131606895658, -0.05573597100611869, 0.1240659043011733;
  -0.003664614752796324, 0.6101997781616824, 0.7922391061606004, 0.02111554433142932;
  0.09607513136147484, -0.788364680162688, 0.6076600202464018, 0.6358149650660975;
  0, 0, 0, 1]

INFO: LeftSolvePNP HomogMatrix:
[0.921238157656861, -0.3846394478074929, -0.05807539984657413, 0.09699606347538577;
  0.2758619777505472, 0.5407222285759239, 0.7946821004373026, 0.04173273787501437;
  -0.2742634246642253, -0.7481122687900749, 0.6042413484504495, 0.6057394422679113;
  0, 0, 0, 1]

INFO: LeftSolvePNP HomogMatrix:
[0.6140207498877768, -0.7869026851950884, -0.06134071029921372, 0.05289831494795517;
  0.5061707391204187, 0.3329488311627354, 0.7955729122372491, 0.05195238560131506;
  -0.6056151431111525, -0.5195471488326425, 0.6027446047658417, 0.5886741486384437;
  0, 0, 0, 1]

INFO: LeftSolvePNP HomogMatrix:
[-0.03466785497995431, 0.9973555873770782, -0.06387465975496186, 0.07893827757776968;
  -0.6050559884467852, 0.02992311963676688, 0.7956204231641414, -0.04399942621728885;
  0.7954278035596773, 0.06623019884408485, 0.6024186003812467, 0.7196514343912929;
  0, 0, 0, 1]


OBLICZENIA ROZDZIELONE



CAMERA WIDE
------------------------------------------------------
RAZEM

INFO: WideSolvePNP HomogMatrix:
[-0.9996849670264032, 0.02188992184301994, -0.01227998465495098, -0.1556163314972513;
  -0.01106005003673868, -0.8233873511925236, -0.5673719636969601, 0.0237134379287295;
  -0.02253091197897213, -0.567057405575367, 0.8233700606577391, 0.6317350663954315;
  0, 0, 0, 1]

INFO: WideSolvePNP HomogMatrix:
[-0.8794953332349604, 0.4758522663190412, -0.007251169351091435, -0.1250221670344269;
  -0.3871251270807551, -0.7242012022849139, -0.5706721953904835, -0.003792988368899017;
  -0.2768069630638563, -0.4990964227963544, 0.8211459468031534, 0.6127610644345503;
  0, 0, 0, 1]

INFO: WideSolvePNP HomogMatrix:
[-0.5327703716067739, 0.8462542004653615, -0.003091817056657953, -0.07905572416563864;
  -0.6943633004859047, -0.4392281101223449, -0.5700335728855578, -0.01701407271361409;
  -0.483751318423321, -0.3015501541586161, 0.8216155831352114, 0.604931709023467;
  0, 0, 0, 1]

INFO: WideSolvePNP HomogMatrix:
[-0.06611915997838547, -0.9978089089793625, -0.002374414699811978, -0.1212715119184913;
  0.8206474034791278, -0.05302573199489195, -0.5689693409221372, 0.1127827749742727;
  0.5675967722307078, -0.03956833213341077, 0.8223553071789965, 0.6959291865394635;
  0, 0, 0, 1]


OBLICZENIA ROZDZIELONE



POZYCJA PLANSZY W UKŁADZIE WIDE
------------------------------------------------------


INFO: SolvePNPrvec = [0.4274971279706542; -0.506667464470575; 1.57928319023799]  tvec=[0.1672211999899208; -0.000579625553659702; 0.6530959082147537]
INFO: SolvePNP pattern_pose:
[-0.07039107581120088, -0.9970641953188317, -0.0301344795765906, 0.1672211999899208;
  0.8285012123635169, -0.04161299107168828, -0.5584389851060274, -0.000579625553659702;
  0.5555455314898357, -0.06427557379967733, 0.8289980778351645, 0.6530959082147537;
  0, 0, 0, 1]
INFO: SolvePNP HomogMatrix:
-0.0703911   0.997064  0.0301345 -0.0703741
  0.828501   0.041613   0.558439  0.0518621
  0.555546  0.0642756  -0.828998   0.679786
         0          0          0          1
INFO: SolvePNPinvrvec = [0.4576894513286685; -0.5039117990249092; 1.571741761795851]  tvec=[-0.1779486749425334; -0.01438047140472594; 0.6357762739499044]
INFO: SolvePNPinv pattern_pose:
[-0.06004434780846946, -0.9981314708764665, -0.01132444887122386, -0.1779486749425334;
  0.8186479223334128, -0.04274952007117035, -0.5727024164370804, -0.01438047140472594;
  0.5711481905385345, -0.04365827962329727, 0.8196851219004109, 0.6357762739499044;
  0, 0, 0, 1]
INFO: SolvePNPinv HomogMatrix:
-0.0600443   0.998131  0.0113244 -0.0696631
  0.818648  0.0427495   0.572702  0.0518488
  0.571148  0.0436583  -0.819685   0.683546
         0          0          0          1
INFO: [-1.842766436886338; -1.959290853759113; -0.6285819637481029]

INFO: [-1.829534048044832; -1.935975706020869; -0.6206878410957827]

INFO: SolveLocationrvec_avg = [-1.836162363445875; -1.947623217866469; -0.6246306464051979]  tvec_avg=[-0.06966314481912791; 0.05184881853832227; 0.6835457738377271]
INFO: SolveLocation HomogMatrix:
[-0.06525852927302178, 0.9976535109373471, 0.02070740137022042, -0.06966314481912791;
  0.8236053814123868, 0.04213411872080264, 0.565596049975757, 0.05184881853832227;
  0.5633963969228768, 0.05396469358762834, -0.8244224110128944, 0.6835457738377271;
  0, 0, 0, 1]


